---
layout: post
title: "Do common woodland ants at the northern range limits face thermal constraints?"
date: 2016-01-26
---
Updated: 2016-06-08

Please see my <a href="/assets/2016_range_limits_evolution_meeting_v2.pdf">poster</a> for this project! I'm hoping to submit this paper to <a href="http://www.journals.uchicago.edu/loi/an">American Naturalist!</a>

## Putting in some supplemental figures here: 

Cold performance curves     

![](https://cloud.githubusercontent.com/assets/4654474/15914880/89527578-2db2-11e6-9185-6211b2d255bf.jpeg)

**"G"-matrix**   


|     Traits      | -5| 0| 5| 25|
|:----------|----------------:|-----------:|-----------:|-----------------:|
|-5|6262.982|-1834.395|-14305.846|-5586.214|
|0|-1834.395|4511.101|-1706.721| -3857.530|
|5|-14305.846|-1706.721|12971.837|1789.241|
|25|-5586.214|-3857.530|1789.241| 18900.603|



**Relationship between MDR, seasonality, and TAR**

|         MDR|         Tmin|         seasonality|         TAR|
|----------:|----------:|----------:|----------:|----------:|
|  1.0000000| -0.7855778| -0.0552532|  0.7733260|**MDR**|
| **-0.7855778**|  1.0000000| -0.1893775| -0.7790675|**Tmin**|
| -0.0552532| -0.1893775|  1.0000000|  0.5810611|**seasonality**|
|  0.7733260| -0.7790675|  0.5810611|  1.0000000|**TAR**|



![](https://cloud.githubusercontent.com/assets/4654474/15914939/214657aa-2db3-11e6-9e80-fc8ecce36453.jpeg)

1. X1 = MDR
2. X2= Tmin
3. X3= seasonality
4. X4= TAR